id,educational_function_id,employee_id,seniority_days,total_seniority_days,isTadd
1,3,1,514.0,607.0,0
2,1,2,49.5,49.5,0
3,3,2,49.5,49.5,0
4,3,3,101.0,103.0,0
5,4,4,40.0,40.0,0
6,3,4,6.0,6.0,0
7,1,5,188.5,188.5,0
8,3,5,152.0,152.0,0
9,1,6,59.0,61.0,0
10,3,7,13.0,13.0,0
11,4,8,25.0,25.0,0
12,3,9,384.0,384.0,0
13,7,10,365.5,365.5,0
14,3,11,41.0,41.0,0
15,1,12,8.5,8.5,0
16,3,13,6.0,6.0,0
17,3,14,271.0,271.0,0
18,3,15,302.0,303.0,0
19,1,16,26.0,26.0,0
21,1,17,26.0,26.0,0
20,3,17,21.0,21.0,0
22,2,18,275.0,277.0,0
23,3,19,15.0,15.0,0
24,3,20,257.0,260.0,0
25,3,21,288.0,303.0,0
26,3,22,100.0,100.0,0
27,3,23,27.0,27.0,0
28,3,24,133.5,139.0,0
1719,3,25,1033.0,1033.0,1
29,9,25,151.5,151.5,0
1725,1,26,1033.0,1033.0,1
30,3,26,35.0,35.0,0
31,1,27,88.0,88.0,0
32,3,27,11.0,11.0,0
33,3,28,107.0,119.0,0
34,1,29,300.0,303.0,0
35,2,30,589.5,607.0,0
36,4,31,151.5,151.5,0
37,1,32,33.0,33.0,0
38,1,33,71.0,71.0,0
39,3,34,24.0,24.0,0
40,3,35,29.0,29.0,0
41,8,36,109.0,109.0,0
42,3,37,245.0,245.0,0
43,1,38,147.0,175.0,0
44,3,38,1005.0,1062.0,0
45,3,39,58.0,58.0,0
46,3,40,22.0,22.0,0
47,3,41,457.0,457.0,0
48,1,42,21.0,21.0,0
49,2,43,226.0,228.0,0
50,1,43,5.0,5.0,0
51,4,44,22.0,22.0,0
52,3,44,5.0,5.0,0
53,3,45,99.0,99.0,0
54,3,46,36.0,36.0,0
55,1,47,33.0,39.0,0
56,3,48,36.0,36.0,0
57,2,49,48.5,140.0,0
58,1,50,386.0,402.0,0
59,1,51,49.0,52.0,0
60,3,52,554.5,555.5,0
61,4,53,112.0,112.0,0
1733,4,54,1033.0,1033.0,1
62,3,54,487.0,487.5,0
63,4,55,812.5,813.0,0
64,3,56,177.0,177.0,0
66,3,57,150.0,151.5,0
65,9,57,452.0,455.0,0
67,3,58,61.0,61.0,0
68,1,59,351.0,352.0,0
69,1,60,408.0,423.0,0
70,1,61,507.5,517.5,0
71,3,61,58.5,59.0,0
72,4,62,31.0,31.0,0
73,3,62,15.5,15.5,0
74,3,63,268.0,268.0,0
75,3,64,25.0,25.0,0
76,4,65,13.0,13.0,0
77,3,66,79.0,79.0,0
78,3,67,273.0,281.0,0
79,3,68,113.0,113.0,0
80,3,69,145.0,148.0,0
81,3,70,252.0,303.0,0
82,3,71,56.0,56.0,0
83,3,72,103.0,103.0,0
84,3,73,144.0,145.0,0
85,3,74,32.0,45.0,0
2118,7,75,121.5,121.5,0
2058,8,75,151.5,151.5,0
86,3,75,939.0,940.0,0
87,3,76,90.0,90.0,0
89,7,77,25.0,25.0,0
90,8,77,25.0,25.0,0
88,1,77,984.0,1005.0,1
2053,4,77,134.5,136.5,0
91,3,77,58.5,58.5,0
92,9,77,73.5,73.5,0
93,1,78,21.0,21.0,0
94,3,79,14.0,14.0,0
95,7,80,471.0,471.0,0
97,8,80,5.5,5.5,0
1941,10,80,242.0,242.0,0
96,3,80,763.0,763.0,0
1856,11,80,75.0,75.0,0
1851,9,80,1033.0,1033.0,1
98,3,81,9.0,9.0,0
100,1,82,58.0,58.5,0
99,3,82,261.0,261.5,0
102,1,83,36.0,36.0,0
101,3,83,54.0,56.5,0
103,4,84,79.0,79.0,0
104,1,85,14.0,14.0,0
105,3,86,55.0,174.0,0
106,1,87,15.0,23.0,0
107,3,88,26.0,26.0,0
108,3,89,152.0,152.0,0
109,3,90,120.0,120.0,0
110,1,91,5.0,5.0,0
111,3,91,3.0,3.0,0
112,7,92,80.0,87.0,0
113,8,92,18.0,18.0,0
114,7,93,18.0,18.0,0
1730,1,94,1033.0,1033.0,1
115,3,94,303.0,303.0,0
116,4,95,151.5,151.5,0
117,3,95,0.0,0.0,0
118,1,96,53.0,53.0,0
119,1,97,173.0,173.0,0
120,1,98,117.0,117.0,0
121,3,99,603.0,607.0,0
122,1,100,70.0,70.0,0
123,1,101,12.0,12.0,0
124,1,102,15.0,15.0,0
125,4,103,248.0,248.0,0
126,1,104,533.0,533.0,0
127,1,105,32.0,32.0,0
128,4,106,88.0,88.0,0
129,1,107,2.5,2.5,0
130,1,108,133.0,133.0,0
131,10,108,92.0,92.0,0
132,1,109,724.0,724.0,0
133,1,110,190.0,190.0,0
134,1,111,159.5,159.5,0
135,1,112,125.0,125.0,0
136,3,113,303.0,303.0,0
137,1,114,495.0,495.0,0
138,3,115,73.0,73.0,0
140,4,116,447.5,455.5,0
139,3,116,455.5,455.5,0
141,7,117,182.5,182.5,0
1641,3,117,1033.0,1033.0,1
142,3,118,620.0,620.0,0
143,9,118,151.5,151.5,0
144,4,119,1.0,1.0,0
145,3,120,15.0,15.0,0
146,7,121,147.0,147.0,0
1640,3,121,1033.0,1033.0,1
147,4,122,0.0,0.0,0
148,3,123,0.0,0.0,0
149,3,124,0.0,0.0,0
151,8,125,18.0,18.0,0
150,3,125,303.0,303.0,0
152,11,126,517.0,526.0,0
153,10,127,893.0,910.0,0
154,11,127,888.5,910.0,0
155,11,128,1196.5,1206.0,1
157,10,129,4.0,4.0,0
156,11,129,481.0,482.0,0
159,3,130,15.0,15.0,0
158,11,130,259.0,285.0,0
160,18,131,146.5,147.5,0
161,18,132,434.5,439.5,0
162,11,132,49.0,52.5,0
163,18,133,432.5,439.5,0
164,18,134,438.0,442.5,0
165,17,135,2194.0,2275.0,1
166,17,136,429.0,606.0,0
167,22,137,208.0,209.5,0
168,23,138,183.5,303.0,0
169,11,139,46.0,46.0,0
172,10,140,124.0,129.0,0
171,3,140,507.0,524.0,0
170,11,140,163.0,207.5,0
173,17,141,282.0,286.0,0
175,1,142,27.0,27.0,0
174,10,142,471.5,484.5,0
1886,1,143,48.0,48.0,0
176,10,143,93.5,98.5,0
1992,11,143,368.5,368.5,0
177,11,144,14.0,14.0,0
178,3,145,292.0,303.0,0
179,3,146,11.0,11.0,0
180,4,147,77.0,77.0,0
181,3,148,24.0,26.0,0
182,3,149,16.0,16.0,0
183,3,150,153.0,156.0,0
184,3,151,40.5,40.5,0
185,5,152,26.5,26.5,0
186,3,152,17.0,17.0,0
187,11,152,858.0,1408.0,1
188,3,153,292.0,292.0,0
189,3,154,173.0,173.0,0
190,3,155,310.5,310.5,0
191,3,156,49.0,49.0,0
2016,4,157,363.0,363.0,0
192,3,157,6.0,6.0,0
194,7,158,181.5,182.5,0
193,3,158,1957.0,2427.0,0
195,1,159,10.0,10.0,0
196,1,160,7.0,7.0,0
197,3,161,56.0,56.0,0
198,1,162,87.5,87.5,0
199,1,163,12.0,12.0,0
200,3,163,17.0,17.0,0
201,1,164,52.5,52.5,0
202,1,165,22.0,22.0,0
203,3,166,103.0,103.0,0
206,7,167,181.0,183.0,0
205,8,167,151.5,151.5,0
204,3,167,906.0,910.0,0
207,1,168,166.0,166.0,0
208,1,169,2.0,2.0,0
209,4,170,1.0,1.0,0
210,1,171,10.0,10.0,0
211,1,172,21.0,21.0,0
212,11,172,252.5,282.5,0
1570,9,172,103.0,118.0,0
213,3,173,1.0,1.0,0
214,3,174,320.5,454.5,0
215,3,175,61.0,61.0,0
216,3,176,98.0,98.0,0
217,3,177,169.0,169.0,0
218,3,178,70.0,70.0,0
219,3,179,38.5,38.5,0
220,3,180,27.0,27.0,0
221,3,181,12.0,12.0,0
222,3,182,6.0,25.0,0
223,1,183,9.0,9.0,0
224,3,184,53.5,134.0,0
225,4,185,228.5,231.5,0
1635,3,185,1030.0,1033.0,1
226,2,186,146.0,151.5,0
227,7,187,347.5,347.5,0
228,3,188,6.0,6.0,0
229,3,189,12.0,12.0,0
230,3,190,310.0,313.0,0
231,3,191,4.5,4.5,0
232,4,192,22.0,25.0,0
233,1,193,111.0,114.0,0
234,3,194,74.0,74.0,0
235,3,195,305.0,307.0,0
236,1,196,7.0,7.0,0
237,3,197,25.5,25.5,0
238,1,198,151.5,152.0,0
239,4,199,9.0,10.0,0
1690,1,200,1033.0,1033.0,1
240,9,200,152.0,152.0,0
242,7,201,120.0,120.0,0
241,3,201,303.0,303.0,0
1771,11,201,1033.0,1033.0,1
243,3,202,190.0,191.0,0
244,1,203,180.0,184.0,0
1788,10,203,1029.0,1033.0,1
1772,11,203,1029.0,1033.0,1
245,1,204,15.0,15.0,0
246,1,205,30.0,30.0,0
247,3,206,110.0,110.0,0
248,8,207,125.5,125.5,0
249,3,207,252.0,252.0,0
250,3,208,10.0,10.0,0
251,8,209,49.5,50.5,0
252,3,209,318.0,321.0,0
254,3,210,148.0,148.0,0
253,9,210,137.0,137.0,0
255,1,211,25.0,25.0,0
256,3,212,146.0,146.0,0
257,3,213,96.0,96.0,0
258,1,214,106.5,111.0,0
259,8,215,148.0,151.5,0
260,10,215,24.0,61.0,0
261,3,216,300.0,303.0,0
262,7,217,861.0,913.5,0
264,8,218,246.0,303.5,0
263,3,218,1822.0,2110.0,0
265,4,219,139.5,151.5,0
266,1,220,5.0,5.0,0
267,1,221,105.0,105.0,0
268,4,222,151.5,151.5,0
269,3,223,301.0,303.0,0
271,1,224,6.0,6.0,0
272,3,224,1.0,1.0,0
270,9,224,0.0,0.0,0
273,3,225,0.0,0.0,0
274,1,226,16.0,16.0,0
275,3,227,19.0,19.0,0
276,11,227,490.0,583.0,0
277,1,228,177.0,177.0,0
278,1,229,1.0,1.0,0
279,1,230,244.0,271.0,0
280,3,230,6.5,6.5,0
281,1,231,181.0,188.0,0
282,4,231,19.5,19.5,0
283,1,232,1.0,1.0,0
1688,1,233,1033.0,1033.0,1
285,3,234,11.0,11.0,0
287,7,235,182.5,182.5,0
286,3,235,151.5,151.5,0
288,1,236,171.0,171.0,0
2130,3,236,23.5,23.5,0
2086,9,236,40.5,40.5,0
289,1,237,25.0,25.0,0
290,3,238,312.0,314.0,0
291,2,239,1342.5,1365.0,1
292,19,240,606.0,606.0,0
293,11,241,31.0,33.0,0
294,10,242,32.0,32.0,0
295,18,243,1666.5,1667.5,0
296,17,244,896.5,896.5,0
297,18,245,172.0,172.0,0
298,10,246,15.0,15.0,0
299,11,247,134.0,173.0,0
301,3,248,2.0,2.0,0
300,11,248,4.0,4.0,0
302,11,249,48.0,48.0,0
1835,10,250,1033.0,1033.0,1
303,11,250,864.0,874.0,0
305,10,251,85.5,86.5,0
304,11,251,269.0,275.0,0
1836,10,252,1033.0,1033.0,1
306,11,252,326.0,326.0,0
307,11,253,877.0,909.0,0
308,11,254,18.5,18.5,0
309,11,255,111.0,115.0,0
1834,10,256,1033.0,1033.0,1
310,11,256,1061.5,1061.5,0
311,1,257,8.0,8.0,0
312,3,257,2.0,2.0,0
313,3,258,20.0,20.0,0
314,1,259,23.0,23.0,0
315,3,260,151.5,151.5,0
316,7,261,76.5,76.5,0
318,7,262,174.0,174.0,0
317,4,262,926.0,926.0,0
319,1,263,1.0,1.0,0
1758,7,264,1033.0,1033.0,1
1568,8,264,303.0,303.0,0
320,1,264,151.0,151.5,0
1743,3,264,1033.0,1033.0,1
1971,9,264,61.0,61.0,0
321,7,265,182.5,182.5,0
1750,4,265,1033.0,1033.0,1
322,3,265,152.0,152.0,0
325,4,266,151.5,151.5,0
323,3,266,1511.0,1820.0,0
324,9,266,301.0,303.5,0
326,3,267,1.0,1.0,0
327,1,268,358.5,364.0,0
330,10,268,45.5,45.5,0
328,3,268,3.0,3.0,0
329,11,268,554.0,555.0,0
331,3,269,7.0,7.0,0
333,1,270,22.0,22.0,0
332,3,270,53.0,53.0,0
334,11,270,25.0,25.0,0
335,3,271,2.0,2.0,0
336,1,272,10.0,10.0,0
337,1,273,212.0,214.0,0
338,3,273,2.0,2.0,0
339,3,274,151.5,151.5,0
340,2,275,293.0,316.0,0
341,18,276,17.0,17.0,0
342,11,277,151.0,153.0,0
343,17,278,170.0,174.0,0
344,18,279,6.0,6.0,0
346,10,280,1.5,1.5,0
345,11,280,3.0,3.0,0
347,10,281,3.5,3.5,0
1781,11,281,1033.0,1033.0,1
348,22,282,386.0,606.5,0
350,10,283,150.5,151.5,0
349,11,283,642.0,651.0,0
351,11,284,207.0,207.5,0
352,23,285,980.5,990.0,1
353,17,286,226.5,226.5,0
354,22,287,388.0,390.5,0
355,10,288,124.5,125.5,0
357,3,288,65.0,65.0,0
356,11,288,296.5,429.5,0
358,10,289,12.5,12.5,0
359,11,289,41.0,41.5,0
360,18,290,33.0,33.0,0
363,7,291,116.0,182.5,0
361,22,291,539.0,858.0,0
362,9,291,380.0,422.5,0
364,11,292,552.0,562.0,0
367,8,293,151.5,151.5,0
368,1,293,303.0,303.0,0
1742,3,293,1033.0,1033.0,1
365,11,293,49.0,49.0,0
366,22,293,35.0,35.0,0
369,9,293,759.0,925.0,1
370,18,294,144.0,155.0,0
371,11,295,38.0,38.0,0
372,11,296,6.0,6.0,0
373,10,297,449.0,455.5,0
1762,11,297,1033.0,1033.0,1
374,17,298,215.5,216.5,0
375,17,299,2431.0,2599.0,1
377,1,300,606.5,606.5,0
376,3,300,606.5,606.5,0
378,3,301,1.0,1.0,0
379,3,302,2.0,2.0,0
380,1,303,3.0,3.0,0
381,1,304,7.0,7.0,0
382,4,305,238.5,239.0,0
384,1,306,82.0,84.0,0
383,3,306,181.0,181.0,0
385,3,307,15.0,15.0,0
387,8,308,38.0,38.0,0
386,1,308,93.0,93.0,0
388,3,308,77.0,77.0,0
389,3,309,97.0,97.0,0
390,3,310,53.0,53.0,0
391,1,311,1.0,1.0,0
392,1,312,67.0,70.0,0
393,4,313,73.0,73.0,0
394,3,313,73.0,73.0,0
396,3,314,1.0,1.0,0
397,11,314,549.0,564.0,0
395,9,314,155.0,167.0,0
398,3,315,11.0,11.0,0
399,3,316,2.0,2.0,0
400,4,317,2.0,2.0,0
401,3,318,737.5,738.0,0
402,1,319,2.0,2.0,0
403,1,320,13.0,13.0,0
404,1,321,210.0,210.0,0
405,3,321,426.0,426.0,0
406,9,321,152.0,152.0,0
407,1,322,16.0,16.0,0
408,1,323,3.0,3.0,0
409,1,324,92.0,92.0,0
410,1,325,28.0,28.0,0
411,3,326,43.0,43.0,0
415,8,327,98.5,151.5,0
413,4,327,159.5,212.5,0
412,3,327,1984.0,2395.0,1
414,9,327,249.0,303.0,0
416,3,328,781.0,781.0,0
417,1,329,0.0,0.0,0
418,3,330,0.0,0.0,0
419,3,331,196.0,196.0,0
420,3,332,2.0,2.0,0
421,3,333,2.0,2.0,0
424,7,334,103.5,108.5,0
422,8,334,146.5,151.5,0
1645,3,334,1033.0,1033.0,1
423,9,334,293.0,298.0,0
426,3,335,5.0,5.0,0
425,11,335,45.0,46.0,0
427,10,336,57.0,57.0,0
1832,11,336,1033.0,1033.0,1
428,11,337,10.0,10.0,0
429,11,338,28.0,28.0,0
430,3,339,1.0,1.0,0
431,3,340,147.0,161.0,0
432,1,341,157.0,157.0,0
434,4,341,141.5,141.5,0
433,3,341,276.5,276.5,0
435,9,341,141.5,141.5,0
436,1,342,176.0,176.0,0
437,3,342,1.0,1.0,0
438,1,343,1.0,1.0,0
439,1,344,1.0,1.0,0
440,3,345,4.0,4.0,0
441,3,346,15.0,15.0,0
442,1,347,1.0,1.0,0
443,1,348,1.0,1.0,0
444,2,349,9.0,9.5,0
445,1,350,14.0,14.0,0
446,1,351,2.0,2.0,0
447,17,352,23.0,23.0,0
1850,7,353,1033.0,1033.0,1
449,8,353,606.5,606.5,0
1809,21,353,1033.0,1033.0,1
448,9,353,908.0,910.0,1
450,18,354,458.0,561.0,0
451,11,355,151.5,152.0,0
452,11,356,140.0,281.0,0
453,18,357,78.5,79.5,0
454,17,358,280.0,281.5,0
1921,10,359,1064.5,1064.5,1
455,11,359,1847.0,1851.0,1
456,1,360,22.0,22.0,0
457,1,361,13.0,13.0,0
458,1,362,6.0,6.0,0
459,3,363,15.0,15.0,0
460,3,364,2.0,2.0,0
461,1,365,17.0,17.0,0
1622,1,366,1033.0,1033.0,1
462,3,366,1.5,1.5,0
463,3,367,1.0,1.0,0
464,3,368,2.0,2.0,0
465,1,369,2.0,2.0,0
467,1,370,152.0,152.0,0
466,4,370,0.0,0.0,0
468,3,371,2.0,2.0,0
469,3,372,37.0,37.0,0
470,9,372,10.0,10.0,0
471,1,373,2.0,2.0,0
472,1,374,2.0,2.0,0
473,1,375,3.0,3.0,0
474,1,376,1.0,1.0,0
475,1,377,143.5,143.5,0
476,3,377,2.0,2.0,0
477,9,377,120.0,120.0,0
478,1,378,1.0,1.0,0
479,3,379,50.0,50.0,0
480,3,380,1.0,1.0,0
481,3,381,265.0,265.0,0
482,3,382,5.0,5.0,0
483,9,383,150.0,152.0,0
486,8,384,42.5,42.5,0
484,1,384,682.0,694.0,0
485,3,384,89.0,89.0,0
487,4,385,19.0,19.0,0
488,3,385,7.0,7.0,0
489,8,386,17.5,17.5,0
490,7,387,45.0,45.0,0
1753,8,387,1048.0,1048.0,1
2065,9,387,151.5,151.5,0
1695,1,388,1033.0,1033.0,1
491,9,388,149.5,152.0,0
492,3,389,159.0,160.0,0
493,11,389,4.0,4.0,0
494,3,390,23.0,23.0,0
495,1,391,1.0,1.0,0
499,7,392,180.5,183.0,0
498,8,392,149.5,152.0,0
496,1,392,211.0,216.0,0
500,3,392,85.5,88.0,0
497,9,392,149.5,152.0,0
501,1,393,15.0,15.0,0
502,1,394,1792.0,1803.0,1
503,3,394,149.0,151.5,0
504,1,395,1040.5,1040.5,1
505,3,396,3.0,3.0,0
506,1,397,3.0,3.0,0
507,1,398,7.0,7.0,0
1651,1,399,1033.0,1033.0,1
509,3,399,152.0,152.0,0
508,9,399,152.0,152.0,0
510,1,400,4.0,4.0,0
511,11,401,7.0,7.0,0
512,11,402,97.0,100.0,0
513,17,403,21.5,21.5,0
515,1,404,56.0,56.0,0
514,11,404,253.5,256.5,0
517,10,405,349.0,349.0,0
516,11,405,405.0,405.0,0
518,10,406,257.0,465.0,0
519,18,407,58.0,58.0,0
520,17,408,277.0,277.0,0
522,10,409,869.0,910.5,1
521,11,409,1563.0,1636.0,1
523,18,410,10.0,10.0,0
524,3,410,49.0,49.0,0
525,11,411,298.0,298.0,0
526,10,412,45.0,47.0,0
527,11,412,427.0,429.0,0
1833,10,413,1033.0,1033.0,1
528,11,413,281.0,284.0,0
529,1,414,85.0,85.5,0
1716,3,414,1033.0,1033.0,1
530,1,415,576.0,604.0,0
532,4,415,147.0,151.5,0
531,3,415,447.0,454.5,0
533,3,416,11.5,11.5,0
534,3,417,3.0,3.0,0
535,3,418,1.0,1.0,0
536,3,419,33.0,33.0,0
537,1,420,2.0,2.0,0
538,11,420,19.0,19.0,0
540,10,421,7.0,7.0,0
539,3,421,56.0,56.0,0
541,11,421,12.0,12.0,0
542,3,422,25.0,25.0,0
543,1,423,11.0,11.0,0
544,1,424,347.0,352.0,0
545,3,424,3.0,3.0,0
546,11,425,12.0,12.0,0
547,17,426,19.5,19.5,0
548,17,427,101.5,101.5,0
549,22,428,35.0,35.0,0
550,22,429,35.0,35.5,0
551,22,430,146.5,185.0,0
552,22,431,42.0,42.5,0
554,11,432,88.0,88.0,0
553,22,432,805.5,806.0,1
555,3,433,5.0,5.0,0
556,3,434,15.0,15.0,0
557,3,435,54.0,54.0,0
558,4,436,141.0,142.0,0
559,3,437,11.0,11.0,0
560,2,438,87.0,87.0,0
561,1,439,1.0,1.0,0
562,19,440,304.0,304.0,0
565,7,441,180.0,182.5,0
564,8,441,149.0,151.5,0
563,1,441,1456.5,1514.5,0
566,3,442,30.0,30.0,0
567,1,443,3.0,3.0,0
568,1,444,3.0,3.0,0
569,1,445,9.0,9.0,0
570,1,446,2.0,2.0,0
571,1,447,1.0,1.0,0
574,8,448,77.0,151.5,0
572,1,448,144.5,151.5,0
573,9,448,221.5,303.0,0
575,3,449,7.0,7.0,0
576,3,450,29.0,29.0,0
577,11,450,6.0,6.0,0
578,1,451,57.5,59.0,0
580,1,452,137.0,137.0,0
579,3,452,192.5,197.0,0
581,3,453,47.0,48.0,0
583,8,454,151.5,151.5,0
582,3,454,1388.0,1395.0,0
584,9,454,86.0,86.0,0
585,4,455,3.0,3.0,0
586,7,456,33.0,33.0,0
587,8,456,60.5,60.5,0
1747,1,456,1033.0,1033.0,1
588,3,456,33.0,33.0,0
589,3,457,10.0,10.0,0
590,1,458,9.0,9.0,0
591,3,459,16.0,16.0,0
592,7,460,91.0,91.0,0
593,3,461,5.0,5.0,0
594,3,462,30.0,30.0,0
595,4,463,20.0,23.0,0
596,3,463,16.0,16.0,0
1963,7,464,118.0,151.5,0
598,1,464,97.5,97.5,0
597,4,464,848.0,938.0,1
1546,3,464,140.0,151.5,0
1904,9,464,118.0,151.5,0
599,3,465,13.0,13.0,0
600,11,466,37.5,40.5,0
601,18,467,339.0,349.0,0
602,10,468,3.0,3.0,0
603,11,468,5.0,5.0,0
604,3,469,28.0,28.0,0
605,3,470,1.0,1.0,0
606,1,471,3.0,3.0,0
607,3,472,15.0,15.0,0
609,1,473,4.0,4.0,0
608,3,473,26.0,26.0,0
610,1,474,16.5,16.5,0
611,1,475,2.0,2.0,0
612,4,476,67.0,67.0,0
613,3,477,1.0,1.0,0
1653,1,478,1033.0,1033.0,1
614,9,478,257.5,257.5,0
617,7,479,106.0,106.0,0
615,1,479,87.0,87.0,0
616,4,479,21.0,21.0,0
618,1,480,1.0,1.0,0
619,3,481,114.0,114.0,0
620,11,482,2.5,2.5,0
621,11,483,138.0,139.0,0
622,11,484,207.0,231.0,0
623,11,485,223.5,225.0,0
624,10,486,542.0,553.0,0
626,3,486,82.0,85.0,0
625,11,486,301.0,304.0,0
627,11,487,198.0,215.0,0
628,20,488,2420.0,2426.0,1
629,9,488,302.0,303.0,0
630,17,489,2272.5,2274.5,1
631,17,490,518.5,591.5,0
632,17,491,148.0,149.0,0
633,17,492,40.0,40.0,0
2004,7,493,106.0,106.0,0
634,22,493,1208.0,1210.5,0
635,7,494,813.5,819.5,0
2072,8,494,151.5,151.5,0
636,20,495,1020.0,1061.5,0
637,3,496,81.0,81.0,0
638,3,497,179.0,179.0,0
639,3,498,4.0,4.0,0
640,1,499,135.0,139.0,0
641,3,500,305.0,305.0,0
642,3,501,18.0,18.0,0
643,3,502,6.0,6.0,0
644,3,503,5.0,5.0,0
645,3,504,4.0,4.0,0
646,11,505,7.0,7.0,0
647,18,506,62.0,62.0,0
648,2,507,304.0,322.5,0
649,22,508,604.0,606.0,0
650,1,509,1.0,1.0,0
651,1,510,4.0,4.0,0
652,4,511,2.0,2.0,0
655,7,512,300.0,300.0,0
653,1,512,617.5,619.5,0
654,4,512,1.0,1.0,0
656,9,512,86.0,86.0,0
657,3,513,437.0,437.0,0
658,9,513,0.5,0.5,0
659,3,514,1.0,1.0,0
660,11,515,121.0,121.0,0
663,1,516,74.0,74.0,0
664,4,516,302.5,303.5,0
661,3,516,1417.5,1564.5,1
662,9,516,226.0,234.0,0
665,3,517,4.0,4.0,0
666,3,518,31.0,31.0,0
668,1,519,44.0,44.0,0
669,3,519,22.0,22.0,0
667,11,519,46.0,50.0,0
670,18,520,48.5,48.5,0
671,18,521,196.5,229.5,0
672,17,522,14.0,14.0,0
673,3,523,20.5,20.5,0
674,3,524,1.0,1.0,0
2155,17,525,133.0,133.0,0
675,3,525,1937.0,1940.0,1
676,11,526,20.0,20.0,0
678,7,527,58.5,58.5,0
677,8,527,27.5,27.5,0
1744,3,527,1033.0,1033.0,1
679,1,528,1205.0,1217.0,1
680,9,528,95.0,95.0,0
681,1,529,1.0,1.0,0
684,1,530,76.5,85.5,0
682,4,530,171.0,189.0,0
683,3,530,69.0,78.0,0
686,7,531,8.0,8.0,0
685,8,531,12.5,12.5,0
687,3,532,197.0,198.0,0
688,3,533,292.0,292.0,0
693,8,534,50.5,50.5,0
690,1,534,1.0,1.0,0
691,4,534,50.5,50.5,0
689,3,534,179.0,183.0,0
694,11,534,5.0,5.0,0
692,9,534,50.5,50.5,0
695,1,535,423.0,423.0,0
696,3,535,92.0,92.0,0
697,9,535,151.5,151.5,0
698,4,536,454.5,454.5,0
699,3,536,303.5,303.5,0
700,1,537,1.0,1.0,0
701,1,538,306.0,306.0,0
703,7,539,405.5,407.0,0
704,8,539,303.0,303.0,0
702,3,539,8.0,8.0,0
1782,11,539,1033.0,1033.0,1
705,7,540,1093.5,1095.5,0
1665,8,540,1184.5,1184.5,1
709,8,541,6.0,6.0,0
706,1,541,253.5,256.5,0
707,3,541,1.0,1.0,0
708,9,541,6.0,6.0,0
710,3,542,466.0,468.0,0
711,8,543,94.0,151.5,0
1686,3,543,1336.0,1336.0,1
712,9,543,188.0,303.0,0
713,1,544,1.5,1.5,0
714,3,545,1.0,1.0,0
716,1,546,2.0,2.0,0
715,3,546,268.0,268.0,0
717,11,547,605.0,606.0,0
718,11,548,31.0,31.0,0
720,3,549,481.0,486.0,0
719,11,549,5.0,5.0,0
721,11,550,40.0,40.0,0
722,11,551,105.0,108.0,0
723,11,552,18.0,18.0,0
724,11,553,151.5,151.5,0
725,18,554,293.0,294.0,0
726,18,555,299.0,303.0,0
727,22,556,148.5,151.5,0
728,23,557,597.5,606.5,0
730,7,558,182.5,182.5,0
731,8,558,151.5,151.5,0
729,9,558,151.5,151.5,0
733,7,559,182.5,182.5,0
734,8,559,151.5,151.5,0
732,3,559,591.0,591.0,0
735,9,559,237.5,237.5,0
738,7,560,180.0,182.5,0
736,8,560,300.5,303.0,0
739,1,560,300.5,303.0,0
740,3,560,1313.0,1315.5,0
737,9,560,452.0,454.5,0
741,3,561,1.0,1.0,0
742,1,562,3.0,3.0,0
744,1,563,432.0,467.0,0
743,3,563,1.0,1.0,0
745,11,564,302.0,303.0,0
1837,10,565,1033.0,1033.0,1
746,11,565,166.5,168.0,0
747,11,566,28.0,28.0,0
748,11,567,24.5,24.5,0
749,2,568,150.5,152.5,0
750,10,568,4.0,4.0,0
751,11,569,14.0,14.0,0
753,1,570,936.0,940.0,0
752,11,570,4.0,4.0,0
754,18,571,5.0,5.0,0
756,1,572,2.0,2.0,0
755,10,572,218.0,218.0,0
758,7,573,14.0,14.0,0
757,3,573,80.0,80.0,0
759,3,574,1240.5,1243.5,1
760,7,575,52.5,52.5,0
761,3,576,16.0,16.0,0
762,3,577,1.0,1.0,0
764,1,578,32.0,32.0,0
763,3,578,1.0,1.0,0
765,3,579,326.0,326.0,0
767,8,580,150.0,151.5,0
768,1,580,150.0,151.5,0
766,9,580,150.0,151.5,0
769,1,581,1180.0,1213.0,0
770,1,582,12.0,12.0,0
771,3,583,252.5,253.5,0
774,8,584,126.5,127.0,0
772,3,584,286.0,287.0,0
773,9,584,126.5,127.0,0
776,7,585,183.0,183.0,0
775,3,585,1200.0,1213.0,0
779,1,586,1.0,1.0,0
777,4,586,271.5,271.5,0
778,3,586,22.0,22.0,0
780,3,587,1.0,1.0,0
781,3,588,6.0,6.0,0
782,1,589,135.0,138.0,0
783,3,589,36.0,37.5,0
784,1,590,1.0,1.0,0
785,4,591,3.0,3.0,0
786,3,592,10.0,10.0,0
787,4,593,1.0,1.0,0
788,1,594,2.0,2.0,0
789,11,595,238.0,239.0,0
790,11,596,453.0,453.0,0
792,10,597,2.5,2.5,0
791,11,597,5.0,5.0,0
793,18,598,348.5,348.5,0
796,1,599,2.0,2.0,0
794,10,599,55.5,55.5,0
795,11,599,73.5,73.5,0
797,11,600,20.0,20.0,0
798,3,601,1.0,1.0,0
799,1,602,2.0,2.0,0
800,3,603,26.0,38.0,0
803,1,604,95.5,95.5,0
801,4,604,133.5,133.5,0
802,3,604,36.5,36.5,0
804,3,605,15.0,15.0,0
805,3,606,40.0,40.0,0
806,1,607,1.0,1.0,0
807,1,608,1.0,1.0,0
1571,7,609,86.5,86.5,0
808,9,609,1234.5,1332.5,0
809,1,610,112.0,112.0,0
810,3,610,522.0,528.0,0
811,1,611,5.0,5.0,0
812,1,612,88.0,91.0,0
813,1,613,21.0,21.0,0
814,1,614,2.0,2.0,0
815,1,615,93.0,93.0,0
816,3,616,22.0,22.0,0
817,1,617,17.0,17.0,0
818,1,618,12.0,12.0,0
820,1,619,219.0,219.0,0
819,3,619,486.0,498.0,0
821,9,619,90.0,94.0,0
822,1,620,271.0,303.0,0
823,3,620,271.0,303.0,0
824,3,621,2120.0,2123.0,1
825,9,621,151.0,151.5,0
826,11,622,291.0,291.0,0
827,11,623,6.0,6.0,0
828,22,623,15.0,15.0,0
829,17,624,151.5,151.5,0
830,17,625,315.0,315.0,0
831,11,625,152.0,152.0,0
832,18,626,303.5,303.5,0
833,1,627,1.0,1.0,0
834,1,628,1.0,1.0,0
835,1,629,603.0,603.0,0
836,3,630,400.0,400.0,0
837,1,631,1.0,1.0,0
841,7,632,50.5,50.5,0
838,1,632,1241.5,1243.0,1
840,3,632,237.5,239.0,0
839,9,632,54.0,54.0,0
842,3,633,52.0,52.0,0
843,9,633,18.5,18.5,0
844,3,634,4.0,4.0,0
845,1,635,3.0,3.0,0
846,3,636,78.0,78.0,0
848,1,637,151.5,151.5,0
847,3,637,841.0,841.0,0
852,7,638,173.5,183.0,0
851,8,638,142.5,152.0,0
853,1,638,294.0,303.5,0
849,3,638,891.0,910.0,0
850,9,638,142.5,152.0,0
854,3,639,303.0,303.0,0
855,3,640,151.5,151.5,0
856,1,641,574.0,575.0,0
857,3,641,25.0,25.0,0
863,7,642,876.5,882.0,1
862,8,642,751.0,758.0,1
858,1,642,321.5,324.5,0
859,4,642,1012.0,1032.0,1
861,3,642,534.5,541.5,0
860,9,642,248.0,248.0,0
864,7,643,182.5,182.5,0
865,3,643,151.5,151.5,0
866,1,644,1.0,1.0,0
867,3,645,265.0,266.0,0
868,3,646,50.0,50.0,0
869,7,647,57.5,57.5,0
871,1,648,115.0,115.0,0
870,9,648,57.5,57.5,0
872,3,649,857.0,910.0,0
873,7,650,1071.0,1096.0,0
875,8,650,150.5,151.5,0
874,9,650,55.5,56.5,0
877,1,651,47.0,47.0,0
876,3,651,1.0,1.0,0
878,3,652,15.0,15.0,0
879,3,653,6.0,6.0,0
881,11,654,1337.0,1337.0,1
880,9,654,301.5,303.5,0
882,1,655,26.0,27.0,0
883,4,656,22.5,22.5,0
884,1,657,291.0,294.0,0
885,3,658,79.0,79.0,0
886,1,659,37.5,37.5,0
887,3,660,12.0,12.0,0
888,17,661,249.0,249.0,0
890,1,662,36.0,36.0,0
889,3,662,324.0,337.0,0
891,3,663,416.0,416.0,0
1865,1,664,33.0,33.0,0
892,18,664,128.0,128.0,0
2045,3,664,278.0,280.0,0
893,10,665,226.0,226.0,0
894,11,665,0.0,0.0,0
895,17,666,158.0,158.0,0
897,1,667,165.0,172.0,0
896,3,667,60.5,61.5,0
898,9,667,53.5,54.5,0
901,7,668,5.0,5.0,0
899,1,668,33.0,33.0,0
900,3,668,13.0,13.0,0
903,1,669,173.0,182.5,0
904,4,669,340.0,347.0,0
902,3,669,758.0,781.5,0
905,9,669,150.0,151.5,0
906,1,670,66.0,66.0,0
910,10,670,24.0,24.0,0
908,4,670,416.5,475.5,0
907,11,670,91.0,91.0,0
909,9,670,111.0,152.0,0
911,1,671,251.0,251.0,0
912,9,671,57.0,57.0,0
914,1,672,12.0,12.0,0
913,4,672,19.0,19.0,0
915,1,673,6.0,6.0,0
916,9,673,6.0,6.0,0
917,4,674,2.0,2.0,0
918,1,675,228.0,228.0,0
919,3,676,509.0,513.5,0
921,1,677,16.0,16.0,0
920,3,677,3.0,3.0,0
922,3,678,4.0,4.0,0
924,1,679,47.0,47.0,0
923,3,679,238.0,238.0,0
925,3,680,369.0,386.0,0
926,3,681,1.0,1.0,0
927,17,682,1719.0,1729.0,1
928,10,683,106.0,106.0,0
1759,11,683,1033.0,1033.0,1
929,23,684,189.5,212.5,0
1803,17,685,1033.0,1033.0,1
930,9,685,151.5,151.5,0
931,7,686,0.0,0.0,0
1778,11,686,1033.0,1033.0,1
932,7,687,26.5,26.5,0
934,23,687,26.5,26.5,0
933,9,687,26.5,26.5,0
935,3,688,8.0,8.0,0
1818,18,689,1033.0,1033.0,1
936,9,689,150.0,152.0,0
937,3,690,31.0,31.0,0
938,1,691,3.0,3.0,0
940,8,692,151.5,151.5,0
939,1,692,1202.0,1214.0,1
2009,1,693,509.0,522.0,0
2049,4,693,146.0,151.5,0
941,3,693,520.5,526.0,0
942,1,694,1412.0,1811.0,1
943,3,695,37.0,37.0,0
945,1,696,5.0,5.0,0
944,3,696,7.0,7.0,0
946,10,697,164.0,164.0,0
947,22,698,152.0,152.0,0
948,18,699,152.0,152.0,0
951,8,700,50.5,52.5,0
950,4,700,187.0,187.0,0
949,3,700,958.0,1013.0,1
953,9,700,30.5,30.5,0
955,8,701,164.5,164.5,0
954,3,701,1496.0,1497.0,1
956,9,701,129.5,129.5,0
957,3,702,2.0,2.0,0
958,1,703,49.0,50.0,0
961,8,704,151.5,151.5,0
1649,1,704,1033.0,1033.0,0
959,3,704,853.0,854.0,0
960,9,704,151.5,151.5,0
966,7,705,7.0,7.0,0
964,1,705,160.0,160.0,0
962,4,705,780.0,781.0,1
963,3,705,340.0,340.0,0
965,9,705,174.5,174.5,0
967,3,706,1364.0,1517.0,1
968,3,707,2.0,2.0,0
969,22,708,226.0,230.0,0
971,7,709,41.5,41.5,0
970,22,709,1022.0,1025.0,1
973,7,710,228.0,228.0,0
974,8,710,151.5,151.5,0
1800,17,710,1033.0,1033.0,1
972,9,710,182.0,182.0,0
975,17,711,2.5,2.5,0
977,10,712,149.0,152.0,0
976,11,712,422.0,432.0,0
978,22,713,572.5,573.0,0
979,11,714,757.0,758.5,0
1812,22,714,1033.0,1033.0,1
981,10,715,49.0,50.0,0
980,11,715,287.0,290.0,0
982,17,716,238.5,258.5,0
983,11,717,302.0,303.0,0
984,18,718,1193.5,1209.5,1
985,9,718,268.5,273.0,0
986,11,719,60.0,60.0,0
987,18,720,255.5,257.0,0
989,1,721,8.0,8.0,0
990,10,721,2.0,2.0,0
988,11,721,1211.0,1216.0,1
991,11,722,152.0,152.0,0
992,1,723,41.0,41.0,0
993,4,723,76.5,76.5,0
994,3,723,42.0,42.0,0
995,4,724,33.0,33.0,0
996,3,724,6.0,6.0,0
997,3,725,3.0,3.0,0
998,3,726,9.0,9.0,0
999,3,727,2.0,2.0,0
1000,1,728,75.0,75.0,0
1001,3,728,59.5,59.5,0
1002,3,729,104.0,104.0,0
1003,7,730,42.0,42.0,0
1004,4,731,9.0,9.0,0
1005,1,732,1.0,1.0,0
1006,1,733,1.0,1.0,0
1007,1,734,73.0,73.5,0
1008,3,734,102.0,102.5,0
1009,1,735,1.0,1.0,0
1010,3,736,583.0,588.0,0
1011,22,737,46.0,46.0,0
1013,10,738,295.0,303.0,0
1012,11,738,225.5,229.5,0
1015,1,739,113.5,120.5,0
1014,10,739,172.0,172.0,0
1562,3,739,106.0,110.0,0
1572,11,739,39.0,40.0,0
1869,9,739,20.0,22.0,0
1016,22,740,28.0,28.0,0
1017,22,741,30.0,30.0,0
1018,10,742,331.0,333.0,0
1019,11,743,221.0,221.0,0
1020,17,744,13.0,13.0,0
1021,4,745,20.0,34.0,0
1022,4,746,12.0,12.0,0
1023,3,746,37.0,37.0,0
1024,4,747,102.0,102.0,0
1025,9,747,40.0,40.0,0
1026,1,748,434.0,435.0,0
1027,4,748,38.0,38.0,0
1028,1,749,475.0,477.0,0
1029,11,749,7.0,7.0,0
1030,7,750,61.0,61.0,0
1032,5,751,275.0,275.0,0
1031,3,751,776.5,816.5,1
1033,3,752,25.0,25.0,0
1034,3,753,76.0,76.0,0
1035,11,754,173.0,173.0,0
1036,11,755,172.0,172.5,0
1037,11,756,68.0,68.0,0
1038,11,757,32.0,32.0,0
1039,11,758,5.0,5.0,0
1040,2,759,582.0,583.5,0
1041,3,760,98.0,98.0,0
1042,1,761,624.0,780.0,0
1044,1,762,116.0,116.0,0
1045,4,762,17.0,17.0,0
1043,3,762,72.0,72.0,0
1046,11,763,0.0,0.0,0
1047,18,764,40.5,40.5,0
1048,3,765,1627.0,1639.0,1
1049,3,766,1564.0,1571.0,1
1050,1,767,26.0,26.0,0
1051,3,768,86.0,86.0,0
1052,3,769,604.0,606.0,0
1053,7,770,278.0,278.0,0
1055,1,771,174.0,174.0,0
1054,3,771,1213.0,1213.0,1
1056,7,772,56.0,56.0,0
1057,1,773,606.0,606.0,0
1058,4,773,151.5,151.5,0
1059,1,774,603.0,606.0,0
1060,8,775,259.5,288.0,0
1061,1,775,260.5,289.0,0
1062,9,775,136.5,136.5,0
1063,3,776,77.0,77.0,0
1064,11,777,301.0,303.0,0
1065,17,778,17.0,17.0,0
1066,11,779,804.5,808.0,1
1067,7,780,38.5,38.5,0
1068,8,780,151.5,151.5,0
1069,17,781,28.0,28.0,0
1072,7,782,147.5,147.5,0
1070,22,782,879.5,879.5,1
1071,9,782,243.5,243.5,0
1073,11,783,286.0,287.0,0
1074,11,784,1.0,1.0,0
1075,18,785,4.5,4.5,0
1076,11,786,874.0,909.0,1
1077,9,786,151.5,151.5,0
1078,11,787,534.5,539.5,0
1079,19,788,1167.0,1213.0,1
1081,7,789,109.0,109.0,0
1083,1,789,329.0,330.0,0
1080,3,789,161.5,161.5,0
1082,9,789,118.0,118.0,0
1084,3,790,106.0,106.0,0
1085,3,791,204.0,204.0,0
1086,3,792,1.0,1.0,0
1088,7,793,182.5,182.5,0
1090,8,793,151.5,151.5,0
1091,1,793,151.5,151.5,0
1087,3,793,606.0,606.0,0
1089,9,793,303.0,303.0,0
1092,3,794,1.0,1.0,0
1094,8,795,303.0,303.0,0
1093,1,795,606.0,606.0,0
1095,9,795,303.0,303.0,0
1096,1,796,266.0,266.0,0
1097,1,797,15.0,15.0,0
1100,8,798,151.5,151.5,0
1098,1,798,606.0,606.0,0
1099,9,798,151.5,151.5,0
1101,1,799,1.0,1.0,0
1102,1,800,301.0,301.0,0
1103,1,801,186.0,424.0,0
1104,1,802,2.5,2.5,0
1105,3,803,1504.0,1514.0,1
1106,1,804,479.0,491.0,0
1107,3,805,465.0,491.0,0
1108,1,806,41.0,41.0,0
1109,3,806,41.0,41.0,0
1110,3,807,47.0,47.0,0
1111,1,808,487.0,491.0,0
1112,3,809,28.0,28.0,0
1113,8,810,151.5,151.5,0
1701,9,810,1306.5,1306.5,1
1114,3,811,303.0,303.0,0
1115,22,812,147.5,147.5,0
1116,11,813,14.0,14.0,0
1117,22,814,10.5,10.5,0
1118,2,815,1017.5,1021.0,1
1119,17,816,111.5,112.0,0
1120,22,817,90.5,90.5,0
1121,11,818,1213.0,1213.0,1
1122,18,819,839.0,966.0,1
1123,23,820,189.5,242.0,0
1124,11,821,601.0,619.0,0
1125,10,822,1378.0,1379.0,1
1126,11,822,909.5,909.5,0
1127,22,823,242.0,242.0,0
1129,18,825,69.0,69.0,0
1130,11,826,242.0,242.0,0
1131,18,827,33.0,33.0,0
1132,18,828,368.5,374.5,0
1134,3,829,119.0,119.0,0
1133,11,829,18.5,18.5,0
1135,11,830,42.0,45.0,0
1136,11,831,1576.0,1576.0,1
1137,7,832,334.0,334.0,0
1802,17,832,1033.0,1033.0,1
1139,7,833,118.5,118.5,0
1138,1,833,87.0,87.0,0
1738,3,833,1033.0,1033.0,1
1140,1,834,617.0,625.0,0
1142,4,834,149.5,151.5,0
1141,3,834,199.5,201.5,0
1143,1,835,38.5,38.5,0
1144,3,836,49.0,49.0,0
1145,3,837,6.0,6.0,0
1146,1,838,19.0,19.0,0
1147,1,839,156.0,158.0,0
1148,1,840,95.0,96.5,0
1149,3,841,53.0,53.0,0
1150,3,842,143.0,143.0,0
1151,3,843,163.0,175.0,0
1152,3,844,1204.0,1213.0,1
1154,5,845,106.0,108.0,0
1153,3,845,132.5,134.5,0
1155,3,846,132.0,132.0,0
1156,1,847,84.5,87.5,0
1157,9,847,169.0,175.0,0
1158,3,848,484.0,484.0,0
1160,1,849,2.5,2.5,0
1159,3,849,89.0,89.0,0
1161,3,850,23.0,27.5,0
1162,3,851,114.0,118.0,0
1164,1,852,17.5,17.5,0
1163,3,852,32.5,34.5,0
1165,3,853,8.0,8.0,0
1166,3,854,18.0,18.0,0
1167,3,855,3.0,3.0,0
1168,3,856,76.0,77.0,0
1169,1,857,18.5,18.5,0
1170,1,858,1.0,1.0,0
1171,3,859,11.0,11.0,0
1172,3,860,20.0,20.0,0
1174,8,861,149.5,151.5,0
1173,1,861,309.0,313.0,0
1175,2,862,41.0,41.0,0
1176,3,863,10.0,10.0,0
2067,10,864,151.5,151.5,0
1698,4,864,1033.0,1033.0,1
1177,11,864,882.0,883.0,1
1849,7,865,1033.0,1033.0,1
1178,8,865,151.5,151.5,0
1810,21,865,1033.0,1033.0,1
1179,9,865,303.0,303.0,0
1180,17,866,125.0,151.5,0
1181,10,867,252.5,256.5,0
1182,11,867,176.0,178.0,0
1183,8,868,151.5,151.5,0
1184,11,869,249.0,250.0,0
1185,10,870,151.5,151.5,0
1186,22,870,303.0,303.0,0
1187,17,871,910.0,910.0,1
1188,22,872,151.5,151.5,0
1189,11,873,906.0,910.0,1
1190,9,873,152.0,152.0,0
1191,11,874,110.0,110.0,0
1192,1,875,294.0,303.0,0
1193,7,876,182.5,182.5,0
1194,1,876,303.0,303.0,0
1195,9,876,151.5,151.5,0
1196,3,877,37.0,37.0,0
1197,3,878,1.0,1.0,0
1198,9,878,9.0,9.0,0
1200,8,879,2.5,2.5,0
1199,3,879,16.5,16.5,0
1202,1,880,24.5,24.5,0
1201,3,880,868.0,1013.0,1
1203,3,881,109.0,109.0,0
1204,11,881,71.5,71.5,0
1205,3,882,121.0,121.0,0
1206,3,883,1.0,1.0,0
1207,3,884,21.0,21.0,0
1208,1,885,5.0,5.0,0
1209,8,886,151.5,151.5,0
1210,1,887,1132.5,1134.5,1
1211,8,888,148.5,151.5,0
1212,3,888,900.0,910.0,1
1213,9,888,148.5,151.5,0
1215,1,889,30.5,30.5,0
1217,10,889,152.0,152.0,0
1214,3,889,563.0,567.0,0
1216,11,889,361.5,361.5,0
1218,2,890,33.0,33.0,0
1720,3,891,1033.0,1033.0,1
1219,9,891,151.5,151.5,0
1729,1,892,1033.0,1033.0,1
1220,3,892,454.5,454.5,0
1221,1,893,169.0,176.0,0
1222,3,894,301.0,303.0,0
1223,7,895,11.0,11.0,0
1224,8,895,5.5,5.5,0
1225,3,896,17.0,17.0,0
1226,9,896,8.5,8.5,0
1227,3,897,303.0,303.0,0
1228,11,897,20.0,20.0,0
1229,3,898,19.0,19.0,0
1230,3,899,1795.5,1796.5,1
1231,9,899,74.0,74.0,0
1235,7,900,2.0,2.0,0
1234,5,900,55.0,55.0,0
1232,3,900,198.5,199.5,0
1233,9,900,110.5,111.0,0
1236,3,901,838.0,910.0,1
1237,1,902,808.0,808.0,1
1238,3,902,152.0,152.0,0
1239,7,903,182.5,182.5,0
1965,7,904,229.5,332.5,0
1969,8,904,245.0,303.0,0
1242,1,904,370.0,383.0,0
1240,3,904,891.0,897.5,1
1241,9,904,757.0,808.5,1
1244,1,905,41.5,41.5,0
1243,3,905,203.0,203.0,0
1245,7,906,63.5,63.5,0
1246,8,906,35.0,35.0,0
1247,9,906,35.0,35.0,0
1248,11,907,168.5,168.5,0
1250,10,908,151.0,151.0,0
1249,11,908,301.0,301.0,0
1251,11,909,96.0,96.0,0
1252,11,910,741.0,743.0,1
1253,9,910,144.0,144.0,0
1255,8,911,130.0,130.5,0
1256,10,911,281.5,282.0,0
2040,3,911,0.0,0.0,0
1254,11,911,1193.5,1194.5,1
1257,9,911,433.5,434.0,0
1259,1,912,6.0,6.0,0
1258,10,912,352.0,352.0,0
1260,18,913,776.5,776.5,1
1261,18,914,136.5,136.5,0
1262,18,915,935.5,935.5,1
1263,19,916,35.0,35.0,0
1264,1,917,4.0,4.0,0
1265,1,918,871.0,910.0,1
1266,9,918,28.0,30.5,0
1267,3,919,778.0,784.0,1
1268,11,919,33.0,33.0,0
1269,1,920,891.0,910.0,1
1270,7,921,182.5,182.5,0
1271,8,921,151.5,151.5,0
1648,1,921,1033.0,1033.0,1
1661,9,921,1033.0,1033.0,1
1272,1,922,455.0,455.0,0
1639,3,922,1033.0,1033.0,1
1273,4,923,47.5,47.5,0
1274,1,924,303.0,303.0,0
1275,3,925,1025.0,1125.0,1
1276,3,926,903.0,910.0,1
1278,8,927,25.5,26.5,0
1277,1,927,148.0,150.0,0
1279,1,928,40.0,44.0,0
1280,1,929,2.0,2.0,0
1282,8,930,2.5,2.5,0
1281,3,930,16.5,16.5,0
1284,8,931,23.0,23.0,0
1283,3,931,26.5,26.5,0
1285,3,932,50.0,50.0,0
1286,5,933,32.0,32.0,0
1287,11,933,2.0,2.0,0
1288,1,934,89.0,89.0,0
1289,1,935,97.5,100.5,0
1555,7,936,68.0,68.0,0
1556,1,936,68.0,68.0,0
1290,3,936,499.5,499.5,0
1557,9,936,68.0,68.0,0
1291,3,937,173.0,173.0,0
1292,2,938,8.5,8.5,0
1293,17,939,35.0,48.0,0
1295,3,940,63.0,63.0,0
1294,11,940,9.0,9.0,0
1296,18,941,121.0,121.0,0
1297,1,942,53.0,53.0,0
1298,1,943,1024.5,1024.5,1
1299,3,943,26.5,26.5,0
1300,9,943,17.5,17.5,0
1301,7,944,16.5,16.5,0
1302,22,944,122.0,122.0,0
1303,9,944,16.5,16.5,0
1304,11,945,40.0,40.0,0
1305,11,946,5.0,5.0,0
1306,11,947,93.0,93.0,0
1309,7,948,271.5,271.5,0
1307,11,948,5.0,5.0,0
1308,22,948,1154.0,1154.0,1
1310,10,949,206.5,253.0,0
1311,11,949,514.0,607.0,0
1312,17,950,164.5,164.5,0
1313,17,951,51.5,51.5,0
1315,11,952,297.0,303.0,0
1314,22,952,487.5,490.5,0
1316,1,953,29.0,29.0,0
1317,3,954,70.5,70.5,0
1318,2,955,89.5,91.5,0
1319,1,956,57.0,57.0,0
1321,8,957,151.5,151.5,0
1626,1,957,1033.0,1033.0,1
1320,9,957,1184.5,1184.5,1
1636,3,958,1033.0,1033.0,1
1322,9,958,820.5,820.5,1
1323,7,959,58.5,58.5,0
1324,11,960,68.5,71.0,0
1325,18,961,301.0,303.0,0
1326,2,962,8.0,8.0,0
1327,2,963,62.0,62.0,0
1328,7,964,712.5,712.5,0
1329,17,965,500.5,500.5,0
1330,18,966,600.0,607.0,0
1331,9,967,906.0,910.0,1
1332,3,968,299.0,303.0,0
1333,3,969,167.0,168.0,0
1334,3,970,112.0,125.0,0
1335,3,971,110.0,110.0,0
1337,8,972,150.5,151.5,0
1336,3,972,313.0,314.0,0
1340,7,973,111.5,111.5,0
1338,8,973,151.5,151.5,0
1341,2,973,17.5,17.5,0
1339,1,973,910.0,910.0,1
1342,3,974,1146.0,1148.0,0
1343,3,975,303.0,303.0,0
1344,3,976,603.5,604.0,0
1345,9,976,1333.0,1334.0,1
1346,1,977,1206.0,1213.0,1
1347,3,977,52.5,53.5,0
1349,1,978,151.5,151.5,0
1348,3,978,841.0,845.0,1
1350,3,979,1.0,1.0,0
1351,3,980,12.0,12.0,0
1352,11,981,266.0,266.0,0
1353,10,982,99.5,99.5,0
1354,11,982,75.5,75.5,0
1355,18,983,81.0,81.0,0
1356,11,984,3.0,3.0,0
1357,3,985,2.0,2.0,0
1358,1,986,214.0,214.0,0
1359,3,986,767.0,860.0,0
1360,3,987,46.0,54.0,0
1361,1,988,36.0,37.0,0
1362,1,989,71.0,74.0,0
1363,1,990,632.0,633.0,0
1364,3,990,276.0,276.0,0
1365,9,990,151.5,151.5,0
1751,7,991,1033.0,1033.0,1
1366,3,991,282.5,282.5,0
1367,9,991,591.0,591.0,0
1368,3,992,25.0,25.0,0
1369,18,993,372.0,372.0,0
1370,18,994,799.0,835.0,0
1371,1,995,14.0,14.0,0
1372,11,996,72.0,72.0,0
1373,11,997,130.0,130.0,0
1374,11,998,4.0,4.0,0
1375,11,999,8.0,8.0,0
1376,11,1000,12.0,12.0,0
1377,21,1001,102.0,102.0,0
1857,22,1001,738.5,752.0,0
1378,1,1002,100.0,100.0,0
1380,1,1003,22.0,22.0,0
1379,3,1003,200.0,205.0,0
1381,3,1004,30.0,30.0,0
1672,7,1005,1033.0,1033.0,1
1382,8,1005,90.5,90.5,0
1383,3,1006,18.0,18.0,0
1384,4,1007,6.0,6.0,0
1385,4,1008,12.0,12.0,0
1386,5,1009,26.0,26.0,0
1387,3,1010,15.0,15.0,0
1388,3,1011,28.0,28.0,0
1390,2,1012,9.0,9.0,0
1389,1,1012,388.5,390.5,0
1391,3,1012,191.0,191.0,0
1392,1,1013,328.0,334.0,0
1394,8,1014,53.5,53.5,0
1393,1,1014,107.0,107.0,0
1395,9,1014,53.5,53.5,0
1396,11,1015,331.0,331.0,0
1397,10,1016,15.0,15.0,0
1398,3,1017,63.0,65.0,0
1399,7,1018,6.0,6.0,0
1400,9,1019,35.0,35.0,0
1401,3,1020,892.5,906.5,1
1404,1,1021,182.0,187.0,0
1402,4,1021,112.5,115.0,0
1405,3,1021,85.5,88.0,0
1403,9,1021,112.5,115.0,0
1746,1,1022,1033.0,1033.0,1
1407,4,1022,152.0,152.0,0
1406,9,1022,303.5,303.5,0
1408,2,1023,299.0,304.0,0
1409,3,1024,151.0,152.0,0
1410,9,1024,151.0,152.0,0
1411,3,1025,294.5,294.5,0
1412,3,1026,1.0,1.0,0
1413,22,1027,152.0,152.0,0
1415,10,1028,347.0,356.0,0
1414,11,1028,1163.0,1183.0,1
1416,11,1029,22.0,22.0,0
1417,7,1030,5.0,5.0,0
1418,3,1031,304.0,304.0,0
1583,1,1032,15.5,15.5,0
1419,11,1032,1054.0,1172.0,1
1420,11,1033,304.0,304.0,0
1421,7,1034,0.0,0.0,0
1422,8,1034,117.0,117.0,0
1423,10,1035,304.0,304.0,0
1424,11,1035,106.0,106.0,0
1425,11,1036,104.0,104.0,0
1426,11,1037,304.0,304.0,0
1427,17,1038,1186.0,1213.0,1
1428,8,1039,15.0,15.0,0
1913,7,1040,302.5,303.0,0
1429,17,1040,858.0,859.0,0
1947,9,1040,151.0,151.5,0
1567,7,1041,182.5,182.5,0
1432,8,1041,152.0,152.0,0
1431,1,1041,278.5,278.5,0
1430,3,1041,458.5,458.5,0
1433,11,1042,78.0,78.0,0
1435,7,1043,541.0,549.0,0
1434,11,1043,110.0,110.0,0
1436,9,1043,335.5,343.5,0
1437,2,1044,6.0,6.0,0
1439,7,1045,30.5,30.5,0
1438,2,1045,34.0,34.0,0
1440,24,1046,303.5,303.5,0
1441,20,1047,684.5,711.5,0
1442,17,1048,164.0,164.0,0
1443,17,1049,648.5,671.5,0
1444,22,1050,181.0,181.0,0
1445,1,1051,510.0,528.0,0
1446,3,1052,990.0,991.0,1
1447,3,1053,172.0,179.0,0
1448,1,1054,1.0,1.0,0
1449,4,1054,68.5,68.5,0
1450,3,1054,68.5,68.5,0
1451,1,1055,511.0,511.0,0
1452,1,1056,57.0,57.0,0
1453,1,1057,228.0,228.0,0
1907,7,1058,149.0,151.5,0
1899,2,1058,9.0,9.0,0
1454,1,1058,1106.0,1113.0,1
1898,3,1058,129.5,132.0,0
1455,9,1058,213.0,215.5,0
1456,3,1059,64.5,64.5,0
1457,3,1060,19.5,19.5,0
1458,3,1061,2.0,2.0,0
1459,3,1062,331.5,331.5,0
1460,3,1063,33.0,33.0,0
1461,3,1064,21.0,21.0,0
1462,3,1065,9.0,9.0,0
1463,3,1066,12.0,12.0,0
1464,1,1067,1.0,1.0,0
1465,3,1067,5.0,5.0,0
1466,3,1068,1057.0,1069.0,1
1467,3,1069,125.0,125.0,0
1468,1,1070,372.0,378.0,0
1469,3,1070,16.0,16.0,0
1470,9,1070,10.0,10.0,0
1471,3,1071,12.0,12.0,0
1472,7,1072,45.5,45.5,0
1473,1,1072,23.0,23.0,0
1474,3,1072,343.0,343.0,0
1475,9,1072,133.0,133.0,0
1476,3,1073,2.0,2.0,0
1862,7,1074,124.0,124.0,0
1480,1,1074,158.0,158.0,0
1478,4,1074,339.0,339.0,0
1477,3,1074,233.0,233.0,0
1479,9,1074,37.0,37.0,0
1481,3,1075,0.0,0.0,0
1482,8,1076,152.0,152.0,0
1813,22,1076,1033.0,1033.0,1
1483,10,1077,137.0,137.0,0
1484,11,1077,10.0,10.0,0
1485,18,1078,13.0,13.0,0
1488,1,1079,58.0,58.0,0
1486,10,1079,13.0,13.0,0
1487,11,1079,13.0,13.0,0
1489,10,1080,808.0,812.0,1
1490,11,1080,605.5,607.5,0
2043,9,1080,151.5,151.5,0
1491,18,1081,102.0,102.0,0
1492,11,1082,8.0,8.0,0
1493,10,1083,89.0,89.0,0
1494,4,1084,51.5,51.5,0
1496,3,1084,10.0,10.0,0
1495,11,1084,9.5,9.5,0
1566,7,1086,607.5,767.5,0
1498,8,1086,15.0,15.0,0
1917,3,1086,5.0,5.0,0
1896,9,1086,75.5,151.5,0
1499,1,1087,219.0,224.0,0
1500,10,1088,20.0,20.0,0
1501,11,1088,14.0,14.0,0
1502,22,1089,32.0,32.0,0
1503,11,1090,60.0,60.0,0
1504,3,1091,187.0,187.0,0
1506,4,1092,22.0,22.0,0
1505,3,1092,12.0,12.0,0
1507,8,1093,483.0,483.5,0
1508,2,1094,12.5,20.0,0
1509,1,1095,30.0,30.0,0
1510,4,1096,15.5,15.5,0
1511,7,1097,182.5,182.5,0
1737,3,1097,1033.0,1033.0,1
1893,4,1098,145.0,151.5,0
1512,3,1098,851.5,878.5,0
1513,1,1099,2.0,2.0,0
1547,7,1101,223.5,228.5,0
1888,5,1101,293.0,303.0,0
1515,3,1101,831.5,836.5,0
1889,9,1101,146.5,151.5,0
1516,7,1102,181.5,182.5,0
1697,4,1103,1033.0,1033.0,1
1517,3,1103,151.5,151.5,0
1518,3,1104,1336.0,1336.0,1
1519,3,1105,1184.5,1184.5,1
1520,3,1106,1336.0,1336.0,1
1521,1,1107,73.0,73.0,0
1522,2,1108,149.0,170.5,0
1523,1,1109,893.0,899.0,0
1524,3,1110,908.5,908.5,0
1525,9,1110,151.5,151.5,0
1526,3,1111,1033.0,1033.0,1
1527,4,1112,15.0,15.0,0
1529,11,1114,151.5,151.5,0
1924,11,1115,150.5,151.5,0
1530,22,1115,907.0,909.0,0
1531,22,1116,151.5,151.5,0
1532,9,1116,151.5,151.5,0
1587,20,1117,569.5,585.5,0
2007,8,1117,60.0,61.0,0
1533,17,1117,20.0,23.0,0
1534,23,1118,302.0,303.0,0
1535,11,1119,303.0,303.0,0
1536,10,1120,431.0,434.0,0
1569,11,1120,718.0,724.5,0
1537,11,1121,151.5,151.5,0
1538,18,1122,769.0,776.0,0
1539,3,1123,904.0,909.0,0
2039,9,1123,151.0,151.5,0
1696,1,1124,1033.0,1033.0,1
1540,9,1124,182.5,182.5,0
1543,1,1126,6.0,6.0,0
1544,4,1126,12.0,12.0,0
1542,3,1126,6.0,6.0,0
1942,11,1126,68.0,68.0,0
1545,1,1127,13.0,13.0,0
1548,3,1128,254.5,254.5,0
1858,5,1129,12.0,12.0,0
1550,4,1129,12.0,12.0,0
1549,3,1129,45.0,45.0,0
1552,4,1130,6.0,8.0,0
1551,3,1130,6.0,8.0,0
1553,1,1131,2.0,2.0,0
1880,1,1132,13.0,13.0,0
1554,3,1132,3.0,3.0,0
1558,1,1133,6.0,6.0,0
1559,3,1133,6.0,6.0,0
1560,9,1133,6.0,6.0,0
1561,1,1134,3.0,3.0,0
1890,1,1135,86.0,99.5,0
1894,4,1135,86.0,99.5,0
1563,3,1135,394.0,421.0,0
1966,7,1136,6.0,6.0,0
1970,8,1136,6.0,6.0,0
1967,4,1136,6.0,6.0,0
1564,3,1136,23.0,23.0,0
1565,1,1137,2.0,2.0,0
1573,7,1138,6.0,6.0,0
1574,11,1138,1.5,1.5,0
1575,11,1139,284.0,299.0,0
1987,10,1140,115.0,115.5,0
1576,11,1140,687.0,700.0,0
1786,10,1141,1033.0,1033.0,1
1577,11,1141,606.0,606.0,0
1579,11,1142,108.5,149.5,0
1580,11,1143,403.0,405.0,0
1581,11,1144,906.0,909.0,0
1582,2,1145,10.5,10.5,0
1585,10,1146,303.0,303.0,0
1783,11,1146,1033.0,1033.0,1
1586,10,1147,606.0,606.0,0
1766,11,1147,1033.0,1033.0,1
1588,17,1148,755.5,757.5,0
1589,18,1149,275.0,275.0,0
1590,19,1150,14.5,14.5,0
1591,11,1151,12.0,12.0,0
1592,11,1152,114.0,114.0,0
1593,10,1153,9.0,9.0,0
1594,11,1153,18.0,18.0,0
1595,10,1154,377.0,386.5,0
1928,11,1154,575.0,606.0,0
1929,9,1154,141.5,151.5,0
1596,11,1155,229.0,229.0,0
1597,10,1156,9.0,9.0,0
1598,11,1156,96.5,96.5,0
1607,7,1159,730.5,730.5,1
1895,1,1159,151.5,151.5,0
1679,3,1159,1184.5,1184.5,1
1608,3,1160,1033.0,1033.0,1
1609,3,1161,1033.0,1033.0,1
1610,3,1162,1033.0,1033.0,1
1611,3,1163,1033.0,1033.0,1
1612,3,1164,1033.0,1033.0,1
1613,3,1165,1033.0,1033.0,1
1614,3,1166,1033.0,1033.0,1
1859,4,1167,454.5,454.5,0
1615,3,1167,1033.0,1033.0,1
1616,3,1168,1033.0,1033.0,1
1617,5,1169,1033.0,1033.0,1
1618,3,1170,1033.0,1033.0,1
1619,3,1171,1033.0,1033.0,1
1620,1,1172,1033.0,1033.0,1
1621,1,1173,1033.0,1033.0,1
1623,1,1174,1033.0,1033.0,1
1624,1,1175,1033.0,1033.0,1
1625,1,1176,1033.0,1033.0,1
1627,1,1177,1033.0,1033.0,1
1628,1,1178,1033.0,1033.0,1
1629,3,1179,1033.0,1033.0,1
1630,3,1180,1033.0,1033.0,1
1631,3,1181,1033.0,1033.0,1
1632,3,1182,1033.0,1033.0,1
1633,3,1183,1033.0,1033.0,1
1634,3,1184,1033.0,1033.0,1
2057,1,1185,151.5,151.5,0
1637,3,1185,1033.0,1033.0,1
1638,3,1186,1033.0,1033.0,1
1642,3,1187,1033.0,1033.0,1
1911,1,1188,0.0,0.0,0
1643,3,1188,1033.0,1033.0,1
1646,3,1189,1033.0,1033.0,1
1647,3,1190,1033.0,1033.0,1
1656,1,1191,1033.0,1033.0,1
1650,1,1192,1033.0,1033.0,1
1652,1,1193,1033.0,1033.0,1
1654,1,1194,1033.0,1033.0,1
1655,1,1195,1033.0,1033.0,1
1657,4,1196,1033.0,1033.0,1
1658,2,1197,1033.0,1033.0,1
2026,5,1198,303.0,303.0,0
1659,3,1198,909.0,909.0,0
1660,3,1199,1033.0,1033.0,1
1885,9,1199,1399.0,1399.0,1
1662,7,1200,1033.0,1033.0,1
1663,7,1201,1033.0,1033.0,1
1664,7,1202,1033.0,1033.0,1
1666,4,1203,1033.0,1033.0,1
1667,3,1204,1033.0,1033.0,1
1668,3,1205,1033.0,1033.0,1
1669,3,1206,1033.0,1033.0,1
1670,9,1206,1033.0,1033.0,1
1671,3,1207,1033.0,1033.0,1
1674,7,1208,1033.0,1033.0,1
1673,7,1209,1033.0,1033.0,1
1676,3,1210,1033.0,1033.0,1
1680,3,1211,1033.0,1033.0,1
1675,3,1212,1033.0,1033.0,1
1678,3,1213,1033.0,1033.0,1
1681,3,1214,1033.0,1033.0,1
1682,3,1215,1033.0,1033.0,1
1683,3,1216,1033.0,1033.0,1
1684,3,1217,1033.0,1033.0,1
1685,3,1218,1033.0,1033.0,1
1700,9,1218,1033.0,1033.0,1
1687,3,1219,1033.0,1033.0,1
1677,3,1220,1033.0,1033.0,1
1689,1,1221,1033.0,1033.0,1
1691,1,1222,1033.0,1033.0,1
1692,1,1223,1033.0,1033.0,1
1693,1,1224,1033.0,1033.0,1
1694,1,1225,1033.0,1033.0,1
1699,2,1226,1033.0,1033.0,1
1702,7,1227,1215.5,1215.5,1
1703,8,1227,1033.0,1033.0,1
1704,7,1228,1033.0,1033.0,1
1705,3,1229,1033.0,1033.0,1
1706,3,1230,1033.0,1033.0,1
1707,3,1231,1033.0,1033.0,1
1708,3,1232,1033.0,1033.0,1
1711,3,1233,1033.0,1033.0,1
1712,3,1234,1033.0,1033.0,1
1713,3,1235,1033.0,1033.0,1
1714,3,1236,1033.0,1033.0,1
1717,3,1237,1033.0,1033.0,1
1718,3,1238,1033.0,1033.0,1
1722,1,1239,1033.0,1033.0,1
1709,3,1240,1033.0,1033.0,1
1710,3,1241,1033.0,1033.0,1
1715,3,1242,1033.0,1033.0,1
1723,1,1243,1033.0,1033.0,1
1724,1,1244,1033.0,1033.0,1
1726,1,1245,1033.0,1033.0,1
1727,1,1246,1033.0,1033.0,1
1728,1,1247,1033.0,1033.0,1
1731,1,1248,1033.0,1033.0,1
1732,1,1249,1033.0,1033.0,1
1734,4,1250,1033.0,1033.0,1
1735,3,1251,1033.0,1033.0,1
1736,9,1251,1033.0,1033.0,1
1739,3,1252,1033.0,1033.0,1
1740,3,1253,1033.0,1033.0,1
1741,3,1254,1033.0,1033.0,1
1745,1,1255,1033.0,1033.0,1
1748,1,1256,1033.0,1033.0,1
1749,1,1257,1033.0,1033.0,1
1752,7,1258,1033.0,1033.0,1
1754,9,1259,1215.5,1215.5,1
1757,7,1260,1033.0,1033.0,1
1756,8,1261,1033.0,1033.0,1
1811,23,1262,1033.0,1033.0,1
1760,11,1263,1033.0,1033.0,1
1761,11,1264,1033.0,1033.0,1
1763,11,1265,1033.0,1033.0,1
1801,17,1266,1033.0,1033.0,1
1789,10,1267,1033.0,1033.0,1
1914,11,1267,303.0,303.0,0
1817,18,1268,1033.0,1033.0,1
2095,3,1269,173.0,175.0,0
1764,11,1269,1033.0,1033.0,1
1765,11,1270,1033.0,1033.0,1
1796,17,1271,1033.0,1033.0,1
1784,11,1272,1033.0,1033.0,1
1804,17,1273,1033.0,1033.0,1
1805,17,1274,1033.0,1033.0,1
1820,18,1275,1033.0,1033.0,1
1797,17,1276,1033.0,1033.0,1
1767,11,1277,1033.0,1033.0,1
1768,11,1278,1033.0,1033.0,1
1816,18,1279,1033.0,1033.0,1
1769,11,1280,1033.0,1033.0,1
1806,17,1281,1033.0,1033.0,1
1819,18,1282,1033.0,1033.0,1
1773,11,1283,1033.0,1033.0,1
1774,11,1284,1033.0,1033.0,1
1775,11,1285,1033.0,1033.0,1
1776,11,1286,1033.0,1033.0,1
1798,17,1287,1033.0,1033.0,1
1780,11,1288,1033.0,1033.0,1
1779,11,1289,1033.0,1033.0,1
1777,11,1290,1033.0,1033.0,1
1785,11,1291,1033.0,1033.0,1
1799,17,1292,1033.0,1033.0,1
1787,10,1293,1033.0,1033.0,1
1814,22,1294,1033.0,1033.0,1
1807,17,1295,1033.0,1033.0,1
1793,2,1296,1033.0,1033.0,1
1794,2,1297,1033.0,1033.0,1
1795,2,1298,1033.0,1033.0,1
1854,18,1300,1033.0,1033.0,1
1821,11,1301,1033.0,1033.0,1
1823,10,1302,1033.0,1033.0,1
1822,11,1302,1033.0,1033.0,1
1841,2,1303,1033.0,1033.0,1
1824,11,1304,1033.0,1033.0,1
1825,11,1305,1033.0,1033.0,1
1826,11,1306,1033.0,1033.0,1
1827,11,1307,1033.0,1033.0,1
1842,17,1308,1033.0,1033.0,1
1845,18,1309,1033.0,1033.0,1
1828,11,1310,1033.0,1033.0,1
1843,17,1311,1033.0,1033.0,1
1846,18,1312,1033.0,1033.0,1
1840,2,1313,1033.0,1033.0,1
1847,18,1314,1033.0,1033.0,1
1829,11,1315,1033.0,1033.0,1
1848,18,1316,1033.0,1033.0,1
1844,22,1317,1033.0,1033.0,1
1839,19,1318,1033.0,1033.0,1
1830,11,1319,1033.0,1033.0,1
1838,10,1320,1033.0,1033.0,1
1831,11,1321,1033.0,1033.0,1
1852,7,1322,1033.0,1033.0,1
1853,7,1323,1033.0,1033.0,1
1855,18,1324,1033.0,1033.0,1
1861,4,1325,17.0,17.0,0
1860,3,1325,8.0,8.0,0
1863,1,1326,7.0,7.0,0
1864,1,1327,2.0,2.0,0
1870,7,1328,51.5,51.5,0
1871,3,1329,54.0,54.0,0
1872,7,1330,15.5,15.5,0
1873,3,1330,15.5,15.5,0
1874,9,1330,15.5,15.5,0
1875,1,1331,24.0,24.0,0
1876,3,1332,27.5,27.5,0
1877,9,1332,27.0,27.0,0
1878,1,1333,42.0,42.0,0
1879,1,1334,481.5,488.5,0
1952,9,1334,175.5,179.0,0
1881,3,1335,1.0,1.0,0
1882,10,1336,12.5,12.5,0
1883,11,1336,12.5,12.5,0
1884,17,1337,10.0,10.0,0
1981,7,1338,3.0,3.0,0
1887,3,1338,204.5,205.5,0
1964,7,1339,198.5,201.5,0
1968,8,1339,19.5,21.0,0
1891,2,1339,7.5,7.5,0
1918,1,1339,452.5,473.0,0
1920,3,1339,169.5,171.0,0
1919,9,1339,81.0,82.5,0
1892,4,1340,303.0,303.0,0
1974,7,1341,3.0,3.0,0
1934,1,1341,31.0,31.5,0
1897,3,1341,285.0,325.0,0
1975,9,1341,3.0,3.0,0
1900,3,1342,260.0,271.0,0
1901,8,1343,303.0,303.0,0
1902,3,1344,606.0,606.0,0
1903,3,1345,75.0,75.0,0
1905,1,1347,25.0,25.0,0
1906,9,1347,12.5,12.5,0
2119,7,1348,35.5,182.5,0
2120,1,1348,4.5,147.0,0
1908,3,1348,175.0,606.0,0
2121,9,1348,4.5,151.5,0
1909,7,1349,149.5,151.5,0
2013,1,1349,38.0,38.0,0
1910,3,1349,299.0,303.0,0
1915,11,1350,603.0,606.0,0
1916,22,1351,303.0,303.0,0
1922,11,1352,535.5,537.5,0
1923,9,1352,150.5,151.5,0
1925,22,1353,303.0,303.0,0
1926,17,1354,602.0,606.0,0
1927,17,1355,61.0,61.0,0
2078,10,1356,14.0,14.0,0
1930,11,1356,635.0,636.0,0
1983,7,1357,2.5,2.5,0
1982,2,1357,9.5,9.5,0
1931,1,1357,212.5,212.5,0
1932,1,1358,38.5,38.5,0
1933,9,1358,38.5,38.5,0
1935,3,1359,4.0,4.0,0
1936,1,1360,1.0,1.0,0
1938,4,1361,19.0,19.0,0
1937,3,1361,192.0,192.0,0
1939,3,1362,13.0,13.0,0
1940,3,1363,174.0,174.0,0
1943,11,1364,453.5,458.5,0
1944,11,1365,119.5,121.0,0
1945,11,1366,184.5,184.5,0
1946,17,1367,50.0,50.0,0
1948,20,1368,7.0,7.0,0
1949,17,1369,524.5,524.5,0
1950,17,1370,450.5,452.0,0
1951,11,1371,331.0,332.0,0
1953,1,1372,5.0,5.0,0
1954,9,1372,2.5,2.5,0
1955,3,1373,13.0,13.0,0
1956,3,1374,217.0,227.0,0
2010,9,1374,7.5,7.5,0
1957,3,1375,464.0,477.0,0
2023,7,1376,15.0,15.0,0
1958,3,1376,407.5,407.5,0
2022,9,1376,151.5,151.5,0
1960,7,1377,0.5,0.5,0
2012,1,1377,14.0,14.0,0
1959,4,1377,1.0,1.0,0
1962,7,1378,21.0,22.0,0
1961,4,1378,42.0,44.0,0
1991,9,1378,21.0,22.0,0
1972,7,1379,145.0,145.0,0
1973,9,1379,142.5,142.5,0
1980,8,1380,24.0,24.0,0
1978,1,1380,109.0,109.0,0
2017,4,1380,15.0,15.0,0
1976,3,1380,89.5,89.5,0
1979,9,1380,66.0,66.0,0
1977,1,1381,25.0,25.0,0
1984,2,1382,12.0,12.0,0
1985,18,1383,433.0,435.0,0
1986,20,1384,66.0,66.0,0
1988,19,1385,97.5,98.0,0
1989,3,1386,81.5,81.5,0
1990,3,1387,16.0,16.0,0
1993,11,1388,21.5,21.5,0
1994,11,1389,66.0,66.0,0
1995,11,1390,113.0,113.0,0
1996,11,1391,19.5,19.5,0
1997,11,1392,176.0,303.0,0
2000,18,1393,48.0,48.0,0
1998,11,1393,0.0,0.0,0
1999,22,1393,18.0,18.0,0
2001,7,1394,5.0,5.0,0
2002,11,1395,237.0,237.0,0
2025,8,1396,1.5,1.5,0
2003,3,1396,241.5,346.5,0
2005,17,1397,225.0,225.0,0
2006,11,1398,76.0,76.0,0
2008,19,1399,14.0,14.0,0
2011,1,1400,31.0,31.0,0
2014,1,1401,42.5,42.5,0
2015,1,1402,349.0,352.0,0
2018,10,1403,2.0,2.0,0
2019,19,1404,50.0,50.0,0
2107,7,1405,136.5,136.5,0
2020,3,1405,301.0,301.0,0
2021,9,1405,143.5,143.5,0
2024,1,1406,276.0,280.0,0
2102,9,1406,128.5,130.5,0
2060,7,1407,113.0,114.5,0
2061,1,1407,91.5,93.0,0
2027,3,1407,246.0,249.0,0
2062,9,1407,113.0,114.5,0
2028,8,1408,12.0,12.0,0
2029,3,1408,12.0,12.0,0
2030,7,1409,182.0,182.5,0
2031,8,1409,151.0,151.5,0
2032,9,1409,182.0,182.5,0
2033,3,1410,303.0,303.0,0
2034,4,1411,56.0,56.0,0
2137,11,1412,131.0,131.0,0
2035,19,1412,301.0,303.0,0
2036,18,1413,147.5,147.5,0
2037,11,1414,27.0,27.0,0
2038,9,1414,13.5,13.5,0
2098,7,1415,0.0,0.0,0
2041,10,1415,36.0,36.0,0
2099,3,1415,240.0,245.0,0
2042,11,1415,18.0,18.0,0
2044,4,1416,110.0,110.0,0
2046,3,1417,32.0,32.0,0
2047,1,1418,2.0,2.0,0
2048,3,1419,72.0,72.0,0
2050,7,1420,182.5,182.5,0
2054,8,1420,151.5,151.5,0
2052,1,1420,151.5,151.5,0
2056,3,1420,303.0,303.0,0
2055,9,1420,151.5,151.5,0
2051,3,1421,1.0,1.0,0
2059,7,1422,365.0,365.0,0
2063,3,1423,297.0,303.0,0
2064,2,1424,55.0,72.5,0
2066,11,1425,395.0,395.0,0
2068,20,1426,303.0,303.0,0
2069,11,1427,291.5,291.5,0
2070,22,1428,197.5,197.5,0
2071,17,1429,145.5,151.5,0
2073,20,1430,295.0,303.0,0
2074,18,1431,74.5,74.5,0
2075,3,1432,303.0,303.0,0
2076,11,1433,18.0,18.0,0
2077,11,1434,29.0,31.0,0
2079,7,1435,292.5,298.0,0
2134,1,1436,145.0,145.0,0
2080,3,1436,303.0,303.0,0
2083,1,1437,92.5,95.5,0
2081,3,1437,229.0,238.0,0
2087,9,1437,22.0,23.5,0
2082,1,1438,31.0,31.0,0
2085,9,1438,13.0,13.0,0
2084,2,1439,16.0,16.0,0
2125,7,1440,10.5,10.5,0
2088,3,1440,174.0,175.0,0
2089,3,1441,2.0,2.0,0
2090,3,1442,9.0,9.0,0
2091,1,1443,122.5,123.0,0
2127,3,1443,72.0,72.5,0
2092,1,1444,15.0,15.0,0
2126,7,1445,13.0,13.0,0
2093,3,1445,199.0,200.0,0
2116,10,1446,60.0,60.0,0
2094,4,1446,47.0,47.0,0
2096,7,1447,80.5,80.5,0
2097,3,1448,3.0,3.0,0
2100,1,1449,75.5,90.5,0
2101,7,1450,116.5,116.5,0
2103,3,1451,95.5,95.5,0
2104,4,1452,192.0,195.0,0
2105,3,1452,114.0,115.5,0
2106,4,1453,12.5,12.5,0
2108,3,1455,296.0,303.0,0
2109,2,1456,41.0,41.0,0
2110,18,1457,224.0,224.0,0
2111,22,1458,242.0,242.0,0
2112,22,1459,98.0,98.0,0
2113,17,1460,86.5,87.5,0
2114,11,1461,173.0,173.0,0
2115,20,1462,4.5,14.0,0
2117,9,1463,55.0,55.0,0
2122,3,1464,157.0,165.0,0
2123,20,1465,302.0,303.0,0
2124,3,1466,20.0,23.0,0
2135,4,1467,6.5,6.5,0
2128,3,1467,13.0,13.0,0
2132,1,1468,6.0,6.0,0
2129,3,1468,46.0,46.5,0
2133,1,1469,26.0,26.0,0
2131,3,1469,7.0,7.0,0
2136,9,1469,19.0,19.0,0
2138,18,1470,105.0,105.0,0
2139,11,1470,49.0,49.0,0
2140,17,1471,46.0,46.0,0
2141,11,1472,112.0,112.0,0
2143,11,1473,132.0,132.0,0
2144,1,1475,13.0,13.0,0
2145,1,1476,103.0,103.0,0
2146,1,1477,7.5,7.5,0
2147,2,1478,6.0,6.0,0
2148,2,1479,32.0,49.0,0
2149,2,1480,50.0,50.0,0
2150,2,1481,68.5,68.5,0
2151,20,1482,87.0,87.0,0
2152,22,1483,104.5,104.5,0
2153,11,1484,12.0,12.0,0
2154,11,1485,8.0,8.0,0
2156,11,1486,13.0,13.0,0
2157,18,1487,60.5,60.5,0
2158,1,1488,38.0,38.0,0
2159,3,1489,78.0,78.0,0
2160,9,1489,34.5,34.5,0
